-276 797 -494 -938 863 587 416 866000
-916 486 -940 -191 286 145 516 110000
-634 919 -540 -19 884 505 10 123000
-817 105 -65 -513 347 584 508 43000
-464 691 -247 -499 344 201 139 46000
-104 220 -786 -644 689 637 741 4794000
-893 894 -387 -563 797 233 278 26000
-555 453 -451 -825 495 3 263 20000
-328 35 -103 -849 616 28 243 28000
-358 226 -516 -458 748 589 108 473000
-242 638 -302 -417 402 83 727 114000
-456 987 -841 -64 328 798 818 447000
-899 773 -147 -992 802 122 945 38000
-970 899 -358 -440 323 870 816 164000
-849 291 -286 -207 752 933 962 133000
-107 249 -259 -539 80 64 45 435000
-929 191 -842 -61 401 611 611 104000
-802 836 -366 -335 268 301 737 87000
-872 453 -29 -796 544 4 867 48000
-521 574 -55 -193 773 61 542 44000
-306 365 -846 -6 967 563 239 520000
-166 111 -147 -382 797 804 568 155000
-869 257 -90 -889 367 392 366 69000
-853 725 -744 -346 524 827 165 188000
-376 362 -512 -649 483 29 763 92000
-605 445 -652 -890 722 770 933 43000
-945 554 -907 -157 993 232 495 78000
-5 922 -242 -719 966 326 327 70000
-101 240 -539 -732 584 947 71 257000
-843 349 -231 -536 103 102 436 86000
-653 162 -862 -348 550 40 749 50000
-67 655 -755 -2 109 309 963 779000
-332 418 -339 -504 210 832 593 235000
-443 309 -813 -298 918 929 684 165000
-883 175 -854 -935 103 928 10 22000
-91 394 -766 -164 482 165 399 246000
-267 373 -701 -54 186 824 694 206000
-492 694 -717 -107 254 440 288 91000
-456 436 -268 -761 128 935 979 50000
-479 251 -553 -641 692 603 88 317000
-456 387 -521 -423 70 933 962 142000
-778 446 -524 -415 422 782 842 101000
-962 894 -863 -984 539 689 380 94000
-63 982 -340 -378 642 852 507 134000
-963 124 -237 -337 950 324 852 50000
-651 876 -780 -271 132 278 815 117000
-336 279 -358 -538 132 614 294 110000
-263 122 -630 -121 985 451 108 92000
-957 48 -719 -512 255 277 743 84000
-866 104 -832 -558 854 208 942 73000
-531 542 -863 -852 451 555 164 622000
-582 678 -24 -705 261 479 947 79000
-811 706 -534 -608 170 653 391 90000
-477 34 -492 -91 661 197 343 75000
-243 146 -213 -72 682 660 285 282000
-244 240 -124 -702 123 864 946 26000
-794 513 -53 -675 594 280 942 212000
-712 61 -276 -608 725 515 822 107000
-658 602 -990 -493 802 137 35 26000
-254 493 -936 -241 675 212 742 325000
-682 576 -526 -660 304 33 191 102000
-404 76 -334 -991 164 351 295 73000
-138 925 -331 -717 117 879 245 40000
-77 68 -957 -516 457 116 103 166000
-62 502 -49 -281 584 467 404 148000
-224 956 -124 -79 318 388 990 451000
-282 869 -868 -542 223 708 926 624000
-829 922 -358 -413 605 875 214 79000
-358 777 -931 -721 775 269 253 550000
-619 87 -699 -792 564 809 245 56000
-795 112 -815 -639 173 851 772 48000
-601 738 -717 -130 96 746 135 316000
-58 643 -732 -749 855 909 982 7949000
-201 581 -170 -807 736 894 569 1079000
-636 303 -511 -986 248 228 889 95000
-422 249 -970 -430 195 494 830 529000
-228 238 -608 -829 34 719 572 33000
-226 813 -834 -40 70 379 169 429000
-26 120 -343 -913 780 965 904 99000
-311 61 -121 -256 428 722 838 147000
-661 984 -786 -68 699 774 822 394000
-922 424 -938 -220 752 513 232 123000
-420 716 -186 -248 602 931 414 65000
-676 807 -41 -961 902 601 975 42000
-793 310 -878 -763 398 891 30 389000
-544 628 -741 -609 678 184 758 70000
-23 452 -340 -137 531 929 464 21000
-800 393 -874 -536 833 197 505 85000
-627 898 -364 -394 562 416 261 112000
-931 266 -230 -229 10 853 946 21000
-381 991 -417 -749 494 80 285 49000
-147 977 -585 -21 894 145 20 227000
-288 332 -71 -520 357 635 828 44000
-93 643 -815 -585 535 335 15 62000
-698 975 -285 -161 19 607 923 46000
-936 405 -18 -715 913 840 640 69000
-623 975 -470 -182 769 917 567 75000
-14 297 -708 -104 452 193 781 122000
-974 892 -943 -483 968 552 925 129000
-101 60 -815 -363 980 603 334 35000